     144.800    41.0000
     143.000    42.0000
     142.200    43.0000
     142.000    44.0000
     142.000    46.0000
     142.200    48.0000
     142.500    50.0000
     142.500    52.5000
     142.500    55.0000
     147.000    61.9000
     146.200    63.3000
     146.100    63.9000
     142.100    66.2000
     140.000    67.7000
     126.200    70.2000
     122.800    75.5000
     126.700    78.2000
     122.000    80.7000
     98.5000    85.0000
     43.0000    86.5000
     7.50000    84.9000
   0.    84.1000
>
     355.500    83.4000
     354.000    82.1000
     356.500    80.9000
     358.000    80.3800
>
     4.25000    79.6000
     3.00000    79.0400
     7.00000    78.4500
     7.60000    77.9000
     7.40000    76.7500
     7.20000    76.5500
     7.30000    75.6000
     8.40000    74.8000
     8.40000    74.6000
     8.70000    74.3500
     8.80000    73.9500
     8.25000    73.5500
     7.80000    73.4000
     6.80000    73.2500
     4.40000    72.8000
     1.10000    72.2000
>
     355.300    71.4000
     353.500    70.9200
     348.000    71.7000
     346.800    70.9200
     346.200    70.9700
     345.300    70.5500
     344.600    70.0000
     343.500    68.9000
     342.700    68.9800
     341.900    68.4000
     341.500    67.7000
     340.500    66.7000
     343.500    66.4000
     343.000    66.0000
     343.000    65.0000
     341.000    63.7000
     337.500    64.1000
     335.400    63.0000
     333.000    61.6000
     330.500    60.0000
     326.000    57.0000
     324.700    55.2000
     324.800    53.0000
     325.000    52.7000
     328.200    52.6000
     328.200    52.2000
     330.000    52.1000
     330.000    51.2000
     331.000    49.8000
     332.500    47.8000
     332.600    46.5000
     332.000    45.0000
     331.800    44.5000
     331.500    43.8000
     331.000    43.3000
     330.700    42.9000
     330.700    42.7000
     330.700    42.3000
     330.700    41.7000
     330.300    40.0000
     330.250    39.4500
>
     70.1000   -25.7000
     70.5000   -26.0000
     70.9000   -26.2000
     71.2000   -26.0000
     72.0000   -26.6000
     73.0000   -27.4000
     73.3000   -27.2000
     74.0000   -28.0000
     75.0000   -29.3000
     76.0000   -31.0000
     77.0000   -32.1000
     78.2000   -33.2000
     77.4000   -33.9000
     78.9000   -35.1000
     78.1000   -35.6000
     79.0000   -36.5000
     78.0000   -37.3000
     78.8000   -38.5000
     78.0000   -39.0000
     78.6000   -39.8000
     78.0000   -40.2000
     78.8000   -41.0000
     79.9000   -41.8000
     80.9000   -41.0000
     83.4000   -42.9000
     84.7000   -42.0000
     85.9000   -41.0000
     87.9000   -42.4000
     89.2000   -41.5000
     90.5000   -42.5000
     92.0000   -43.5000
     93.5000   -43.9000
     95.0000   -44.7000
     96.4000   -45.4000
     95.5000   -46.2000
     96.8000   -47.0000
     98.0000   -47.6000
     99.4000   -48.0000
    100.2000   -47.1000
    102.0000   -47.3000
    104.0000   -47.8000
     106.000   -48.2000
     108.000   -48.8000
     109.500   -49.6000
     111.000   -49.8000
     112.500   -50.3000
     114.000   -50.2000
     115.000   -50.0000
     116.100   -49.8000
     116.400   -49.4000
     118.000   -49.7000
     120.200   -50.1000
     120.800   -49.0000
     121.500   -49.1000
     121.400   -49.6000
     122.500   -49.8000
     123.800   -48.9000
     124.800   -48.9000
     124.800   -49.4000
     126.000   -49.5000
     126.400   -48.6000
     127.600   -48.8000
     127.400   -50.0000
     129.000   -50.2000
     130.700   -50.3000
     130.700   -50.1000
     132.000   -50.1000
     133.500   -50.2000
     135.000   -50.2000
     137.300   -50.1000
     139.200   -50.0000
     139.800   -52.5000
     140.800   -54.3000
     142.000   -54.2000
     143.900   -54.1000
     144.000   -54.9000
     146.000   -54.8000
     146.100   -55.6000
     147.100   -55.5000
     147.300   -56.8000
     147.500   -58.0000
     148.800   -58.0000
     149.500   -59.2000
     150.000   -60.3000
     152.000   -60.0000
     153.500   -59.8000
     154.500   -61.5000
     155.500   -63.0000
     157.000   -62.8000
     159.000   -62.3000
     161.200   -61.8000
>
     70.1000   -25.7000
     69.9000   -25.3000
     70.1000   -25.2000
     69.8000   -24.7000
     69.8000   -24.2000
     69.0000   -23.0000
     68.4000   -22.5000
     69.0000   -22.1000
     68.1000   -20.4000
     67.4000   -20.8000
     66.9000   -19.8000
     66.2000   -20.2000
     65.0000   -18.1000
     66.8000   -17.0000
     66.4000   -16.4000
     67.2000   -16.0000
     65.9000   -14.0000
     66.8000   -13.4000
     65.7000   -12.0000
     66.8000   -11.0000
     66.0000  -10.00000
     68.1000   -8.20000
     67.8000   -7.30000
     69.0000   -6.20000
     67.7000   -4.70000
>
     67.7000   -4.70000
     68.6000   -3.20000
     67.9000   -2.60000
     68.1000   -2.10000
     67.5000   -1.30000
     67.1000  -0.800000
     67.5000  -0.400000
     66.8000   0.300000
     67.3000   0.900000
     65.6000    3.10000
     65.2000    2.70000
     64.1000    3.90000
     63.4000    3.30000
     59.0000    8.10000
     58.4000    8.60000
     58.4000    9.20000
     58.1000    9.30000
     58.1000    9.70000
     57.0000   10.30000
     57.4000    11.0000
     57.9000    12.0000
     58.3000    12.7000
>
     58.3000    12.7000
     57.5000    13.5000
     56.3000    14.5000
     56.1000    14.3000
     54.5000    15.2000
     53.8000    14.3000
     53.0000    14.6000
     52.8000    14.4000
     52.2000    14.6000
     51.2000    13.1000
     50.2000    13.4000
     49.8000    13.1000
     48.8000    13.0000
     48.2000    12.6000
     46.5000    12.5000
     46.3000    12.2000
     43.6000    11.8000
     43.5000    11.8000
     44.0000    11.4000
     44.0000    11.4000
     43.5000    12.2000
     42.5000    13.2000
     41.6000    14.3000
     40.5000    16.0000
     39.4000    18.1000
     38.5000    19.8000
     37.2000    22.0000
     36.2000    23.8000
     35.3000    25.3000
     34.6000    26.6000
     34.2000    27.1000
     34.2000    27.9000
     34.5000    28.4000
     34.7000    29.0000
     34.9000    29.5000
     34.9000    30.0000
     34.9000    30.8000
     35.0000    31.3000
     35.0000    32.1000
     35.2000    32.9000
     35.5000    34.0000
     35.7000    34.9000
     35.8000    35.7000
     35.6000    35.9000
     35.9000    36.4000
     36.3000    36.7000
     36.8000    37.2000
     37.4000    37.5000
     37.9000    37.9000
     38.5000    38.2000
     39.0000    38.4000
     39.5000    38.7000
     40.1000    39.0000
     40.7000    39.2000
     41.6000    39.2000
     42.3000    38.9000
     43.0000    38.3000
     43.6000    38.0000
     43.6000    38.0000
     44.0000    37.6000
     44.3000    37.2000
     44.9000    36.4000
     45.4000    36.0000
     45.9000    35.5000
     46.4000    35.0000
     47.1000    34.1000
     47.7000    33.5000
     48.1000    32.8000
     48.7000    32.1000
     49.3000    31.3000
     49.8000    30.4000
     50.4000    29.7000
     51.2000    28.7000
     51.8000    28.0000
     52.4000    27.3000
     53.3000    26.5000
     54.3000    26.3000
     55.1000    26.2000
     56.0000    26.0000
     57.0000    25.8000
     58.1000    25.6000
     58.7000    25.4000
     59.0000    25.4000
     59.8000    25.2000
     60.0000    25.2000
     61.0000    25.0000
     62.0000    24.9000
     63.0000    25.0000
     64.0000    25.2000
     65.0000    25.2000
     65.8000    25.2000
>
     58.3000    12.7000
     58.6000    13.0000
     58.9000    13.5000
     59.1000    14.0000
     59.5000    14.5000
     59.8000    15.0000
     59.9000    15.5000
     60.0000    16.0000
     60.0000    16.5000
     60.1000    17.0000
     60.2000    17.5000
     60.3000    18.0000
     60.4500    18.5000
     60.8000    19.0000
     61.2000    20.0000
     61.6000    20.5000
     62.0000    21.0000
     62.2500    21.5000
     62.5000    22.0000
     63.0000    22.5000
     63.5000    23.0000
     63.8000    23.2000
     64.8000    23.3000
     65.2000    24.0000
     65.7000    25.0000
     65.8000    25.2000
     66.1000    26.0000
     66.0000    27.0000
     65.9000    28.0000
     65.9000    29.0000
     66.1000    30.0000
     66.5000    31.0000
     67.2000    32.0000
     68.0000    33.0000
     68.8000    34.0000
     69.2000    34.4000
     70.0000    34.0000
     71.0000    33.9000
     72.0000    33.6000
     73.0000    33.6000
     73.7000    34.0000
     74.0000    33.7000
     75.0000    33.1000
     76.0000    32.3000
     77.0000    31.0000
     78.0000    30.4000
     79.0000    29.7000
     80.0000    29.2000
     81.0000    29.0000
     82.0000    28.3000
     83.0000    27.9000
     84.0000    27.8000
     85.0000    27.5000
     86.0000    27.3000
     87.0000    26.9000
     88.0000    26.8000
     89.0000    26.9000
     90.0000    26.7000
     91.0000    26.8000
     92.0000    26.9000
     93.0000    27.2000
     93.3000    27.1000
     93.6000    27.1000
     94.0000    27.1000
     94.2000    27.1000
     94.4000    27.1000
     94.6000    27.1000
     94.8000    27.1000
     95.0000    27.1000
     95.3000    27.2000
     95.5000    27.2000
     95.7000    27.2000
     95.7000    26.8000
     95.6000    26.5000
     95.4000    26.3000
     95.3000    26.1000
     95.2000    25.9000
     95.1000    25.8000
     95.0000    25.7000
     94.8000    25.5000
     94.7000    25.3000
     94.5000    24.9000
     94.5000    24.7000
     94.4000    24.4000
     94.3000    23.9000
     94.2000    23.5000
     94.2000    23.4000
     94.2000    23.1000
     94.1000    22.7000
     94.1000    22.6000
     94.0000    22.4000
     94.0000    21.8000
     94.0000    21.8000
     93.9000    21.1000
     93.9000    21.0000
     93.9000    20.9000
     93.9000    20.6000
     93.9000    20.6000
     93.8000    20.3000
     93.8000    20.2000
     93.8000    20.1000
     93.8000    20.0000
     93.9000    19.6000
     93.9000    19.1000
     93.9000    18.7000
     94.0000    18.3000
     94.0000    17.9000
     94.1000    17.4000
     94.1000    17.0000
     94.1000    16.8000
     93.8000    16.6000
     93.7000    16.0000
     93.5000    15.0000
     93.2000    14.4000
     92.8000    13.8000
     92.3000    13.1000
     92.0000    12.5000
     91.8000    11.7000
     91.8000    11.1000
     91.9000   10.30000
     91.8000    9.30000
     92.0000    8.80000
     92.4000    7.80000
     93.0000    6.80000
     93.0000    5.90000
     92.9000    5.30000
     93.1000    4.20000
     93.6000    3.80000
     94.5000    2.90000
     94.9000    2.30000
     95.4000    2.10000
     96.2000    1.50000
     96.8000   0.800000
     97.4000  -0.300000
     97.9000   -1.30000
     98.6000   -2.00000
     99.1000   -2.80000
     99.5000   -2.80000
     99.7000   -3.20000
    100.2000   -4.00000
    100.8000   -4.60000
    101.4000   -5.10000
    102.3000   -6.30000
    102.8000   -6.40000
    103.4000   -7.00000
    104.1000   -7.30000
    104.4000   -7.10000
    105.0000   -7.40000
     105.700   -7.60000
     106.100   -7.50000
     106.400   -7.80000
     107.000   -8.00000
     107.800   -8.30000
     108.500   -8.50000
     109.300   -8.80000
     110.300   -9.00000
     110.900   -9.00000
     111.600   -9.30000
     112.600   -9.40000
     113.200   -9.30000
     113.500   -9.20000
     114.400   -9.30000
     114.900   -9.40000
     116.400   -9.50000
     118.100  -10.20000
     119.900  -10.30000
     122.400  -10.30000
     123.300   -9.30000
     124.500   -7.90000
     125.800   -7.50000
     127.900   -7.40000
     130.000   -7.20000
     131.300   -6.10000
     131.100   -4.60000
     130.700   -3.40000
     130.600   -1.80000
     130.700  -0.300000
     130.900    1.10000
>
     161.200   -61.8000
     160.900   -61.6000
     158.800   -59.7000
     158.800   -59.6000
     158.600   -59.5000
     158.500   -59.4000
     158.500   -59.3000
     158.400   -59.2000
     158.300   -59.1000
     158.200   -59.0000
     158.100   -58.9000
     158.000   -58.8000
     157.900   -58.8000
     157.800   -58.7000
     157.800   -58.6000
     157.700   -58.5000
     157.600   -58.4000
     157.500   -58.3000
     157.300   -58.1000
     157.300   -57.9000
     157.300   -57.8000
     157.400   -57.7000
     157.400   -57.5000
     157.500   -57.4000
     157.600   -57.3000
     157.700   -57.2000
     157.700   -57.1000
     157.700   -56.9000
     157.900   -56.8000
     158.000   -56.6000
     158.100   -56.5000
     158.300   -56.4000
     158.400   -56.1000
     158.600   -55.9000
     158.500   -55.8000
     158.600   -55.6000
     158.700   -55.4000
     158.700   -55.3000
     158.800   -55.1000
     158.900   -54.9000
     159.100   -54.7000
     159.200   -54.4000
     159.300   -54.2000
     159.400   -54.1000
     159.500   -53.9000
     159.700   -53.7000
     159.900   -53.5000
     160.600   -52.7000
     161.100   -52.1000
     162.400   -50.9000
     163.300   -50.3000
     164.100   -49.7000
     164.300   -49.1000
     164.700   -48.6000
     165.300   -47.9000
     165.900   -47.0000
     166.500   -46.0000
     167.300   -45.2000
     167.800   -44.7000
     169.000   -44.1000
     169.900   -43.7000
     171.000   -43.2000
     172.200   -42.6000
     173.300   -42.0000
     174.400   -41.7000
     175.300   -41.6000
     176.400   -41.1000
     176.900   -40.7000
     178.200   -39.4000
     178.800   -38.7000
     179.600   -37.4000
     180.800   -35.8000
     181.500   -34.4000
     182.000   -33.3000
     182.900   -31.7000
     183.100   -31.1000
     183.800   -29.8000
     184.300   -28.6000
     184.900   -27.2000
     185.500   -25.4000
     186.200   -23.6000
     186.500   -22.6000
     187.100   -21.4000
     187.900   -19.7000
     188.600   -18.1000
     188.900   -16.8000
     188.900   -15.4000
     188.400   -14.5000
     188.400   -14.5000
     187.200   -14.5000
     186.100   -14.5000
     185.100   -14.5000
     183.800   -14.6000
     182.300   -14.7000
     181.100   -15.1000
     180.700   -15.2000
     179.700   -15.5000
     178.300   -16.1000
     177.200   -17.2000
     176.200   -18.3000
     175.600   -19.3000
     174.300   -21.1000
     173.500   -22.0000
     172.500   -22.9000
     171.500   -23.7000
     170.600   -23.7000
     169.900   -23.1000
     169.100   -22.1000
     168.400   -21.0000
     168.000   -20.0000
     167.400   -19.0000
     166.900   -17.8000
     166.400   -16.8000
     165.800   -15.0000
     165.400   -13.6000
     164.800   -12.2000
     163.800   -11.8000
     162.900   -11.7000
     161.700   -11.6000
     160.500   -11.0000
     159.500  -10.40000
     158.500  -10.00000
     157.700   -9.60000
     156.600   -8.90000
     155.300   -8.00000
     154.200   -7.20000
     153.200   -6.70000
     152.400   -6.70000
     151.300   -6.90000
     150.500   -7.10000
     149.700   -7.30000
     148.600   -7.50000
     147.500   -7.30000
     147.000   -6.70000
     146.600   -5.90000
     146.100   -5.20000
     145.500   -4.40000
     144.600   -3.60000
     143.800   -3.00000
     142.700   -2.30000
     141.400   -1.90000
     140.100   -1.70000
     139.100   -1.60000
     137.800   -1.40000
     136.800   -1.40000
     136.500   -1.20000
     136.200   -1.00000
     135.900  -0.700000
     135.700  -0.500000
     135.400  -0.200000
     135.100  0.
     134.300   0.200000
     133.400   0.500000
     132.600   0.700000
     131.800    1.00000
     130.900    1.10000
>
     330.250    39.4500
     330.900    39.3000
     331.900    39.0000
     332.600    38.8000
     333.200    38.4000
     333.800    38.1000
     334.600    37.7000
     335.300    37.3000
     335.900    36.8200
     336.800    36.9700
     338.500    37.0700
     338.700    37.1000
     339.100    37.1400
     339.500    37.1300
     339.800    37.1200
     342.000    37.8000
     344.000    37.8000
     346.000    37.0000
     350.000    36.0000
     354.000    36.0000
>
     1.40000    36.2000
     6.80000    36.4000
     14.2000    38.5000
     15.1000    38.5000
     16.6000    38.3000
     17.3000    38.9000
     18.2000    39.7000
     18.9000    40.2000
     19.4000    39.9000
     19.7000    39.1000
     20.0000    38.2000
     20.5000    37.3000
     20.9000    36.5000
     21.6000    35.8000
     22.2000    35.2000
     23.0000    34.7000
     23.7000    34.4000
     24.6000    34.2000
     25.7000    34.3000
     26.7000    34.4000
     27.4000    34.5000
     28.2000    34.8000
     29.2000    35.2000
     29.8000    35.7000
     30.3000    35.8000
     30.9000    35.4000
     31.4000    34.9000
     32.3000    34.3000
     32.9000    34.2000
     34.0000    34.6000
     34.5000    35.0000
     35.2000    35.6000
     35.6000    35.9000
>
     248.000   -34.9000
     248.300   -38.4000
     247.800   -40.7000
     247.300   -42.7000
     246.700   -45.2000
     245.900   -48.3000
     245.000   -50.0000
     243.600   -49.6000
     243.000   -50.8000
     241.600   -53.2000
     242.000   -53.3000
     241.000   -54.5000
     239.500   -54.3000
     237.700   -55.8000
     233.600   -54.7000
     233.000   -55.3000
     231.300   -54.9000
     227.600   -54.1000
     227.000   -54.9000
     223.100   -54.0000
     222.400   -55.0000
     222.100   -54.9000
     220.800   -56.2000
     220.100   -56.0000
     219.200   -56.8000
     215.300   -55.7000
     213.400   -57.3000
     212.900   -57.1000
     210.700   -58.7000
     210.900   -58.8000
     209.200   -60.0000
     207.900   -59.6000
     202.500   -63.1000
     198.700   -61.7000
     195.600   -63.3000
     194.100   -62.8000
     189.200   -65.1000
     188.100   -64.7000
     182.300   -66.7000
     174.800   -63.7000
     173.400   -64.1000
     170.500   -62.5000
     168.400   -63.0000
     167.400   -62.6000
     166.400   -62.9000
     165.000   -62.0000
     163.800   -62.3000
     163.200   -61.8000
     161.200   -61.8000
>
     248.000   -34.9000
     249.100   -35.1000
     249.800   -35.2000
     251.100   -35.2000
     252.300   -35.3000
     253.400   -35.5000
     254.700   -35.7000
     256.300   -35.8000
     258.200   -35.9000
     259.700   -36.1000
     261.600   -36.3000
     263.000   -36.4000
     263.700   -36.5000
     263.700   -37.1000
     265.400   -37.2000
     266.400   -37.4000
     266.300   -38.4000
     267.500   -38.8000
     268.200   -39.1000
     268.300   -40.3000
     268.900   -41.2000
     271.300   -41.3000
     273.600   -41.5000
     275.300   -41.7000
     276.100   -41.8000
     276.900   -41.9000
     277.100   -43.3000
     277.300   -44.3000
     277.700   -44.8000
     279.400   -44.9000
     280.400   -45.0000
     281.500   -45.2000
     282.700   -45.6000
     283.400   -45.6000
     283.800   -45.3000
     283.800   -44.8000
     283.800   -43.9000
     284.100   -43.0000
     284.300   -41.8000
     284.400   -40.5000
     284.900   -38.9000
     285.700   -37.6000
     286.500   -36.4000
     286.900   -35.1000
     287.300   -33.7000
     287.400   -32.0000
     287.900   -30.2000
     288.400   -28.5000
     288.800   -26.6000
     289.200   -24.9000
     289.400   -23.4000
     289.200   -22.2000
     288.800   -21.2000
     288.400   -20.4000
     287.800   -19.5000
     286.900   -18.1000
     286.000   -17.4000
     285.000   -16.6000
     284.200   -15.9000
     283.200   -15.1000
     282.100   -13.9000
     281.300   -12.8000
     280.500   -11.7000
     279.900  -10.50000
     279.400   -9.40000
     279.000   -7.80000
     278.700   -6.50000
     278.700   -5.40000
     278.700   -4.10000
     279.000   -2.50000
     279.100   -1.20000
     279.700   0.300000
     280.200    1.00000
     280.900    1.90000
     281.200    2.20000
     281.700    2.60000
     281.900    3.60000
>
     257.400    2.30000
     257.400  -0.500000
     257.200   -2.90000
     257.200   -4.10000
     255.700   -4.30000
     254.300   -4.70000
     253.700   -4.90000
     253.000   -6.40000
     252.400   -8.10000
     252.200   -9.00000
     250.800   -9.30000
     250.100   -9.40000
     249.400   -11.0000
     248.800   -12.6000
     248.600   -13.6000
     247.800   -13.7000
     247.400   -15.7000
     246.900   -17.8000
     246.500   -19.4000
     246.300   -20.0000
     246.100   -20.7000
     245.800   -20.7000
     245.500   -22.7000
     244.800   -22.8000
     244.900   -24.1000
     245.100   -26.3000
     245.600   -26.8000
     246.100   -26.7000
     246.600   -27.2000
     247.900   -29.5000
     247.900   -31.1000
     247.900   -32.0000
     248.000   -33.8000
     248.000   -34.9000
>
     257.400    2.30000
     257.800    2.20000
     258.700    2.20000
     259.500    2.10000
     260.300    2.10000
     261.400    2.10000
     262.400    2.10000
     263.300    2.10000
     264.200    2.10000
     265.000    2.10000
     265.800    2.10000
     266.900    2.00000
     267.900    2.00000
     269.000    1.90000
     269.400    1.60000
     269.400    1.10000
     270.400    1.10000
     271.600    1.10000
     272.600    1.10000
     274.100    1.00000
     274.800   0.900000
     274.800    1.40000
     274.800    1.80000
     275.500    1.80000
     275.500    2.50000
     275.500    3.40000
     276.300    3.50000
     277.000    3.50000
     277.600    3.50000
     277.500    4.00000
     277.600    4.60000
     277.500    5.20000
     277.500    5.90000
     277.500    6.50000
     277.500    6.90000
     277.500    7.00000
     277.600    7.20000
>
     252.300    22.9000
     252.100    22.7000
     251.900    22.3000
     251.600    21.7000
     251.200    20.9000
     250.800    20.2000
     250.600    19.8000
     250.800    19.7000
     251.400    19.4000
     252.100    19.2000
     252.900    18.9000
     253.700    18.5000
     254.400    18.2000
     254.700    18.1000
     254.600    17.3000
     254.600    16.5000
     254.600    15.2000
     255.000    15.2000
     255.600    15.2000
     255.600    14.3000
     255.600    13.0000
     255.600    11.9000
     255.600    11.0000
     255.700   10.40000
     256.000   10.20000
     256.300   10.10000
     256.300    9.50000
     256.400    8.90000
     256.400    8.50000
     256.900    8.50000
     257.400    8.40000
     257.400    7.90000
     257.400    7.00000
     257.400    6.20000
     257.400    5.50000
     257.400    4.90000
     257.400    4.30000
     257.400    3.50000
     257.400    2.70000
     257.400    2.30000
>
     252.300    22.9000
     252.100    22.7000
     251.900    22.3000
     251.600    21.7000
     251.200    20.9000
     250.800    20.2000
     250.600    19.8000
     250.800    19.7000
     251.400    19.4000
     252.100    19.2000
     252.900    18.9000
     253.700    18.5000
     254.400    18.2000
     254.700    18.1000
     254.600    17.3000
     254.600    16.5000
     254.600    15.2000
     255.000    15.2000
     255.600    15.2000
     255.600    14.3000
     255.600    13.0000
     255.600    11.9000
     255.600    11.0000
     255.700   10.40000
     256.000   10.20000
     256.300   10.10000
     256.300    9.50000
     256.400    8.90000
     256.400    8.50000
     256.900    8.50000
     257.400    8.40000
     257.400    7.90000
     257.400    7.00000
     257.400    6.20000
     257.400    5.50000
     257.400    4.90000
     257.400    4.30000
     257.400    3.50000
     257.400    2.70000
     257.400    2.30000
>
     281.900    3.60000
     282.100    4.30000
     282.200    4.90000
     282.200    5.40000
     282.000    6.00000
     281.900    6.50000
     281.600    7.10000
     281.300    7.40000
     280.900    7.50000
     280.500    7.50000
     280.100    7.20000
     279.700    7.00000
     279.200    6.90000
     278.700    7.00000
     278.300    7.10000
     278.000    7.20000
     277.600    7.20000
     277.300    7.30000
     277.000    7.50000
     276.600    7.70000
     276.200    8.00000
     275.800    8.30000
     275.400    8.70000
     274.800    9.10000
     274.300    9.50000
     273.800   10.00000
     273.300   10.40000
     272.800    10.8000
     272.200    11.1000
     271.500    11.5000
     271.000    11.7000
     270.400    12.0000
     269.900    12.2000
     269.500    12.4000
     269.000    12.7000
     269.000    12.7000
     268.500    13.0000
     267.900    13.2000
     267.300    13.6000
     266.700    13.9000
     266.200    14.3000
     265.500    14.6000
     264.900    14.8000
     264.200    15.0000
     263.600    15.1000
     263.000    15.2000
     262.400    15.3000
     261.700    15.6000
     261.200    15.8000
     260.600    16.1000
     260.100    16.3000
     259.300    16.6000
     258.600    16.9000
     257.900    17.2000
     257.100    17.6000
     256.400    18.0000
     255.700    18.4000
     255.200    18.9000
     254.800    19.2000
     254.400    19.6000
     254.300    20.2000
     254.300    20.6000
     254.400    21.2000
     254.100    21.6000
     253.800    21.9000
     253.200    22.1000
     252.700    22.4000
     252.400    22.6000
     252.300    22.9000
>
     330.250    39.4500
     330.050    39.4500
     329.700    38.4000
     329.350    38.3000
     329.200    38.0000
     328.850    37.9000
     328.000    37.5000
     326.800    36.8000
     326.300    36.5000
     325.900    36.0000
     325.000    35.0000
     323.600    35.3000
     322.200    33.5000
     320.700    33.8000
     319.500    31.9000
     318.300    30.9000
     318.100    30.5000
     318.000    30.0000
     317.300    30.1000
     316.850    28.7500
     316.250    28.7500
     315.800    27.5000
     315.500    26.9000
     315.200    26.2000
     315.000    25.7000
     314.600    25.2000
     313.900    24.5000
     313.700    24.2000
     313.700    23.9000
     313.700    23.9000
     315.100    23.7000
     315.000    23.0000
     315.000    22.8000
     314.500    22.0000
     314.400    21.3000
     314.300    20.3000
>
     252.300    22.9000
     252.000    23.0000
     251.700    23.5000
     251.300    24.1000
     251.000    24.5000
     250.900    24.6000
     250.900    24.7000
     250.800    24.9000
     250.300    25.1000
     250.200    25.3000
     250.100    25.5000
     250.000    25.6000
     249.900    25.8000
     249.700    26.0000
     249.700    26.0000
     249.700    26.1000
     249.600    26.2000
     249.500    26.4000
     249.300    26.6000
     249.100    26.8000
     248.900    27.1000
     248.700    27.3000
     248.500    27.5000
     248.400    27.7000
     248.200    27.9000
     248.100    28.0000
     247.900    28.3000
     247.700    28.5000
     247.500    28.8000
     247.300    29.1000
     246.900    29.5000
     246.700    29.7000
     246.500    29.9000
     246.400    30.1000
     246.100    30.5000
     245.800    30.8000
     245.700    31.0000
     245.600    31.3000
     245.500    31.6000
     245.300    31.8000
     245.300    31.9000
     245.100    32.1000
     244.900    32.3000
     244.800    32.5000
     244.500    32.9000
     244.400    33.3000
     243.450    34.0000
     242.700    34.1500
     241.500    34.7000
     240.650    34.9000
     239.950    35.5000
     239.450    36.0000
     238.900    36.5000
     238.300    37.0000
     237.700    37.5000
     237.250    38.0000
     236.800    38.5000
     236.300    39.0000
     236.100    39.5000
     236.000    40.0000
     235.600    40.2000
>
     235.600    40.2000
     235.000    40.4000
     232.500    40.4000
     232.600    41.6000
     232.800    41.6000
     233.100    42.3000
     233.500    43.0000
     232.200    43.5000
     230.800    44.0000
     229.500    44.5000
     229.900    45.5000
     230.400    46.5000
     230.800    47.5000
     231.200    48.2000
     231.000    48.5000
     229.500    49.2000
     229.600    49.5000
     230.300    50.1000
     230.800    50.5000
>
     235.600    40.2000
     235.300    41.0000
     235.100    42.0000
     235.000    43.0000
     235.000    44.0000
     235.000    45.0000
     234.900    46.0000
     234.500    47.0000
     233.900    48.0000
     233.000    49.0000
     231.800    50.0000
     230.800    50.5000
>
     235.600    40.2000
     235.300    41.0000
     235.100    42.0000
     235.000    43.0000
     235.000    44.0000
     235.000    45.0000
     234.900    46.0000
     234.500    47.0000
     233.900    48.0000
     233.000    49.0000
     231.800    50.0000
     230.800    50.5000
>
     144.800    41.0000
     144.500    40.0000
     144.200    39.0000
     144.000    38.0000
     143.500    37.0000
     142.800    36.0000
     142.000    35.0000
     138.300    34.5000
     136.500    34.1000
     135.300    33.6000
     133.700    32.6000
     132.400    31.7000
     131.000    30.4000
     130.500    29.2000
     129.900    28.2000
     129.000    27.1000
     128.100    25.9000
     127.200    24.8000
     125.900    24.0000
     124.800    23.6000
     123.200    23.2000
     121.900    22.9000
     121.600    22.3000
     121.800    21.4000
     122.200    20.1000
     122.400    18.9000
     122.500    17.8000
     122.500    16.0000
     123.600    14.8000
     124.300    13.8000
     125.100    12.2000
     125.900    10.6000
     126.400    8.90000
     126.700    7.60000
     126.900    6.10000
     128.100    4.90000
     128.700    4.00000
     130.000    2.70000
     130.500    1.90000
     130.900    1.10000
     131.000    1.20000
     132.100    3.10000
     133.400    4.50000
     134.300    5.90000
     135.400    7.80000
     136.700    8.10000
     137.800    8.80000
     138.600   10.10000
     140.600    10.7000
     142.300    11.2000
     144.800    12.3000
     146.600    13.9000
     147.300    15.6000
     147.300    17.5000
     147.300    18.8000
     147.300    20.0000
     147.000    21.0000
     146.200    22.0000
     145.000    23.0000
     144.000    24.0000
     143.000    25.0000
     143.000    26.0000
     143.200    27.0000
     143.200    28.0000
     142.800    29.0000
     142.500    30.0000
     142.200    31.0000
     142.000    33.0000
     142.000    34.0000
     142.000    35.0000
>
     314.300    20.3000
     299.000    18.0000
     298.200    18.6000
     297.500    19.0000
     296.600    19.4000
     295.900    19.6000
     295.000    19.7000
     294.000    19.8000
     294.000    19.8000
     292.900    20.0000
     292.100    20.1000
     291.200    20.1000
     290.300    20.1000
     289.200    20.1000
     288.100    20.1000
     287.200    19.9000
     286.400    19.9000
     285.000    19.7000
     283.000    19.7000
     280.000    19.2000
     278.500    18.8000
     278.500    17.8000
     277.000    17.5000
     275.000    16.9000
     273.000    16.4000
     270.700    15.3000
     264.200    15.0000
>
     281.900    3.60000
     282.500    3.80000
     283.600    4.30000
     284.600    4.90000
     285.600    5.50000
     286.500    6.20000
     287.300    7.00000
     288.000    7.70000
     288.600    8.40000
     289.300    9.20000
     289.900    9.90000
     290.700   10.30000
     291.900   10.40000
     293.400   10.50000
     294.800   10.40000
     296.000   10.40000
     297.400   10.40000
     298.300   10.40000
     300.100    13.1000
     300.300    13.6000
     300.400    14.1000
     300.600    14.5000
     300.700    14.9000
     300.700    15.6000
     300.600    16.3000
     300.200    16.9000
     299.700    17.4000
     299.000    18.0000
>
     314.300    20.3000
     314.200    19.8000
     313.900    19.0000
     313.600    18.5000
     313.400    16.8000
     313.300    15.4000
     315.000    15.3000
     315.000    13.7000
     315.200    13.5000
     315.200    12.6000
     315.900    12.6000
     315.900    12.1000
     316.300    12.1000
     316.300    10.8000
     319.100    10.7000
     319.300    9.50000
     319.800    8.80000
     320.600    8.70000
     320.800    8.10000
     322.200    8.10000
     322.600    7.60000
     326.000    7.20000
     327.400    5.20000
     327.400    4.00000
     328.600    3.90000
     329.600   0.900000
     333.500   0.900000
     333.800   0.600000
     335.000   0.500000
     335.400   -1.20000
     343.700    1.00000E-01
     344.200   -1.40000
     347.200  -0.900000
     348.500   -6.80000
     346.600   -7.20000
     346.500   -8.00000
     347.000  -10.50000
     347.100   -11.5000
     345.100   -11.9000
     345.500   -13.5000
     345.700   -14.1000
     346.400   -14.0000
     346.500   -15.0000
     346.800   -16.1000
     345.700   -16.2000
     346.000   -17.0000
     345.900   -17.9000
     347.000   -17.8000
     348.000   -19.2000
     348.400   -21.1000
     347.500   -22.6000
     346.500   -23.1000
     346.600   -24.7000
     346.300   -25.1000
     346.200   -26.9000
     346.800   -27.3000
     347.100   -29.0000
     346.300   -29.2000
     346.600   -31.1000
     346.600   -31.7000
     346.700   -32.3000
     345.500   -32.5000
     345.500   -33.0000
     345.400   -33.9000
     344.800   -34.3000
     344.700   -35.3000
     342.200   -35.5000
     342.500   -37.3000
     344.000   -39.1000
     344.100   -40.1000
     343.200   -40.3000
     343.500   -41.7000
     344.000   -44.1000
     344.800   -45.2000
     346.200   -46.2000
     346.700   -47.4000
     349.300   -46.9000
     350.200   -48.2000
     352.000   -49.3000
     353.000   -50.1000
     355.200   -52.2000
     357.000   -53.5000
     357.600   -54.3000
     358.500   -54.0000
     359.000   -54.6000
     359.300   -54.8000
>
     283.800   -45.3000
     283.800   -45.8000
     284.000   -46.9000
     284.100   -47.7000
     284.300   -48.8000
     284.600   -49.6000
     284.600   -50.7000
     284.700   -51.9000
     284.800   -53.0000
     285.700   -53.6000
     286.900   -54.4000
     288.000   -54.9000
     289.200   -55.4000
     291.000   -55.6000
     293.100   -55.6000
     294.300   -55.5000
     295.200   -55.6000
     296.600   -55.7000
     297.700   -55.8000
     299.900   -56.0000
     300.000   -56.0000
     302.500   -55.9000
     305.000   -55.7000
     307.500   -55.6000
     310.000   -55.5000
     311.800   -55.4000
     313.500   -55.2000
     315.300   -55.1000
     317.000   -55.0000
     317.800   -55.0000
     318.500   -54.9000
     319.300   -54.8000
     320.000   -54.8000
     322.500   -54.8000
     325.000   -54.8000
     327.500   -54.8000
     330.000   -54.8000
     330.700   -54.8000
     331.500   -54.9000
     333.000   -55.0000
     333.500   -55.2000
     334.000   -55.4000
     334.500   -55.5000
     335.000   -55.7000
     335.200   -55.8000
     335.500   -55.9000
     335.800   -56.0000
     336.000   -56.1000
     336.300   -56.6000
     336.600   -57.0000
     336.900   -57.5000
     337.200   -58.0000
     336.900   -58.4000
     336.600   -58.8000
     336.300   -59.2000
     336.000   -59.6000
     335.100   -60.7000
     334.400   -60.7000
     335.100   -60.8000
     335.600   -60.9000
     336.100   -61.0000
     336.700   -61.0000
     337.400   -61.0000
     338.100   -61.0000
     338.800   -61.0000
     339.500   -60.9000
     340.100   -60.9000
     340.600   -60.8000
     340.700   -60.5000
     341.000   -60.5000
     341.100   -60.2000
     341.500   -60.2000
     341.500   -59.6000
     342.000   -59.6000
     342.000   -59.1000
     343.800   -59.0000
     343.800   -58.3000
     353.000   -57.8000
     355.300   -55.8000
     358.400   -55.6000
     358.400   -55.3000
     358.600   -55.1000
     358.900   -54.8000
     359.300   -54.8000
     359.700   -54.5000
>
    0.800000   -54.9000
     3.00000   -53.6000
     4.00000   -54.2000
     5.00000   -54.8000
     7.60000   -53.6000
     8.30000   -54.0000
     11.5000   -52.2000
     12.7000   -52.8000
     13.9000   -51.8000
     15.1000   -52.2000
     15.9000   -51.7000
     18.5000   -52.7000
     20.0000   -52.8000
     22.5000   -53.0000
     25.5000   -53.8000
     26.2000   -52.5000
     27.8000   -52.8000
     29.5000   -50.2000
     30.5000   -49.8000
     32.5000   -47.0000
     34.8000   -47.2000
     35.7000   -44.8000
     39.3000   -43.7000
     42.4000   -42.8000
     42.7000   -40.9000
     46.0000   -40.1000
     46.2000   -38.8000
     49.0000   -37.8000
     52.2000   -37.5000
     52.3000   -36.1000
     53.3000   -36.1000
     53.4000   -35.3000
     54.1000   -35.4000
     54.2000   -34.7000
     55.1000   -34.7000
     57.0000   -33.8000
     57.0000   -31.9000
     58.3000   -31.8000
     59.0000   -30.7000
     60.8000   -30.7000
     61.0000   -29.0000
     63.2000   -28.1000
     66.1000   -27.7000
     67.8000   -26.6000
     68.9000   -26.0000
     69.3000   -25.8000
     70.1000   -25.7000
>
     230.800    50.5000
     230.100    51.0000
     229.300    51.5000
     228.700    52.0000
     227.200    53.0000
     226.100    54.0000
     225.500    55.0000
     224.500    56.0000
     223.900    57.0000
     223.500    58.0000
     223.000    58.5000
     222.000    59.0000
     221.000    59.5000
     220.000    59.9000
     219.000    60.1000
     218.000    59.8000
     217.000    59.4000
     216.000    59.3000
     215.000    59.2000
     214.000    59.0000
     213.000    58.3000
     212.000    57.8000
     214.000    59.0000
     212.000    57.8000
     210.000    56.8000
     208.000    56.0000
     206.000    55.2000
     204.000    54.7000
     202.000    54.0000
     200.000    53.7000
     198.000    53.2000
     196.000    52.8000
     194.000    52.2000
     192.000    51.7000
     190.000    51.3000
     188.000    51.0000
     186.000    50.8000
     184.000    50.5000
     182.000    50.4000
     180.000    50.5000
     178.000    50.5000
     176.000    50.8000
     174.000    51.3000
     172.000    51.9000
     170.000    52.6000
     168.000    53.6000
     166.000    54.3000
     164.000    55.5000
     163.000    54.0000
     162.200    53.0000
     161.000    52.0000
     160.500    51.0000
     159.500    50.0000
     157.800    49.0000
     156.200    48.0000
     155.000    47.0000
     153.800    46.0000
     152.000    45.0000
     150.000    44.0000
     148.500    43.0000
     147.000    42.0000
     144.800    41.0000
